0 1
0 1
0 1
0 1
0 1
0 2
0 2
0 2
0 2
0 2
0 2
0 2
0 3
0 3
0 3
0 3
0 3
0 4
0 4
0 5
0 6
0 6
0 6
0 6
0 6
0 6
0 7
0 8
0 8
0 8
0 8
0 8
0 8
0 8
0 8
0 8
0 8
0 8
0 8
0 8
0 9
0 9
0 9
0 9
0 10
0 10
0 10
0 10
0 10
0 10
0 11
0 12
0 12
0 13
0 13
0 14
0 14
0 15
0 15
0 15
0 15
0 15
0 15
0 15
0 15
0 15
0 15
0 15
0 16
0 17
0 18
0 19
0 20
0 21
0 22
0 22
0 22
0 23
0 24
0 24
0 25
0 26
1 2
1 2
1 2
1 2
1 2
1 3
1 3
1 3
1 3
1 3
1 4
1 4
1 5
1 6
1 6
1 6
1 6
1 9
1 9
1 9
1 9
1 10
1 10
1 10
1 10
1 12
1 12
1 13
1 13
1 14
1 14
2 3
2 3
2 3
2 3
2 3
2 4
2 4
2 5
2 6
2 6
2 6
2 6
2 6
2 9
2 9
2 9
2 9
2 10
2 10
2 10
2 10
2 10
2 10
2 11
2 12
2 12
2 13
2 13
2 14
2 14
3 4
3 4
3 5
3 6
3 6
3 6
3 6
3 9
3 9
3 9
3 9
3 10
3 10
3 10
3 10
3 12
3 12
3 13
3 13
3 14
3 14
4 5
4 6
4 9
4 10
4 12
4 13
4 14
5 6
6 7
6 8
6 9
6 9
6 9
6 10
6 10
6 10
6 10
6 12
6 13
6 14
7 8
8 15
8 15
8 15
8 15
8 15
8 15
8 15
8 15
8 15
8 15
8 20
8 21
8 22
8 22
8 22
8 23
8 24
8 25
9 10
9 10
9 10
9 10
9 12
9 12
9 13
9 13
9 14
9 14
10 11
10 12
10 12
10 13
10 13
10 14
10 14
12 13
12 13
12 14
12 14
13 14
13 14
15 22
15 22
15 22
15 23
15 24
15 25
16 17
16 18
16 19
17 18
17 19
18 19
22 23
22 24
23 24
24 26
